Libr
Read_room
PTZ
Pool
Out
gym
109
110
113
115
200
201
202
203
204
206
207
208
209
210
211
215
218
220
222
224
226
243
245
247
249
255
257
259
301
302
303
304
307
312
314
315
317
318
319
320
321
322
323
324
325
326
335
337
339
341
345
347
349
351
401
402
403
404
405
408
409
410
411
413
415
417
428
430
432
434
436
438
439
441
443
445
501
502
503
504
505
506
508
509
510
511
513
515
559A
541
542
544
545
546
547
548
549
550
554